42.2 24.3 82.9 33.8 61.4 15.1 7.7 66.3 13.4 18.8 
70.2 42.8 29.0 14.7 12.8 58.6 30.2 17.1 97.4 54.7 
48.6 43.9 39.9 49.1 17.7 52.0 59.2 81.8 1.3 10.5 
75.9 98.1 88.2 42.3 10.3 70.3 63.8 78.3 16.7 31.3 
94.6 30.2 64.7 75.2 2.2 8.7 19.5 60.2 77.5 82.8 
3.6 34.1 90.3 3.2 22.0 94.1 74.4 86.3 15.0 78.9 
31.6 89.7 64.1 92.0 79.6 91.7 11.3 47.1 86.5 23.1 
69.8 30.9 72.6 93.6 97.6 81.8 36.5 92.7 76.1 89.7 
54.8 46.6 88.4 31.9 35.8 56.9 17.7 75.8 61.1 53.9 
94.2 91.7 30.3 49.0 2.5 43.2 37.8 82.5 25.2 41.6 
